0 0.479948 0.897222 0.033854 0.096296
2 0.320573 0.675926 0.018229 0.061111
2 0.360938 0.590741 0.012500 0.055556
2 0.383333 0.579167 0.011458 0.056481
2 0.430929 0.469378 0.013943 0.048016
5 0.693229 0.624074 0.014583 0.055556
2 0.438802 0.364815 0.007812 0.046296
2 0.498437 0.300463 0.009375 0.037963
2 0.469531 0.351389 0.006771 0.041667
2 0.478646 0.349537 0.004167 0.036111
2 0.535937 0.224074 0.007292 0.035185
2 0.541406 0.205556 0.006771 0.025926
2 0.557813 0.190741 0.008333 0.033333
0 0.629427 0.343981 0.023438 0.041667
4 0.598437 0.145370 0.011458 0.035185
