0 0.507812 0.883333 0.029167 0.079630
2 0.325260 0.662500 0.015104 0.060185
2 0.367485 0.584620 0.014915 0.066820
2 0.387500 0.562500 0.013542 0.049074
2 0.431771 0.468981 0.008333 0.049074
2 0.467708 0.354167 0.007292 0.050926
2 0.499740 0.296759 0.006771 0.039815
2 0.538802 0.220370 0.006771 0.031481
5 0.542969 0.200926 0.006771 0.033333
2 0.555208 0.186574 0.006250 0.025000
4 0.600000 0.148148 0.008333 0.033333
2 0.566667 0.139815 0.006250 0.024074
2 0.597917 0.088889 0.006250 0.027778
0 0.657552 0.039352 0.003646 0.026852
0 0.639583 0.343519 0.019792 0.037037
5 0.695756 0.639983 0.021721 0.067002
