1 0.600000 0.173148 0.007292 0.029630
0 0.643750 0.376389 0.009375 0.043519
0 0.693822 0.256456 0.008992 0.034300
2 0.552865 0.196759 0.005729 0.030556
2 0.519531 0.258333 0.004687 0.042593
2 0.380786 0.580296 0.013496 0.055118
2 0.368410 0.563563 0.015928 0.068234
0 0.199651 0.942771 0.020341 0.079049
0 0.169531 0.937963 0.019271 0.074074
0 0.481250 0.787037 0.018750 0.074074
2 0.677304 0.687505 0.017988 0.074725
2 0.661647 0.880184 0.016105 0.078053
2 0.698544 0.623326 0.014428 0.070808
2 0.709189 0.564306 0.013170 0.054539
