0 0.195833 0.948148 0.021875 0.083333
0 0.290365 0.925463 0.053646 0.086111
2 0.331015 0.648046 0.012878 0.067155
2 0.357031 0.638426 0.011979 0.054630
2 0.340994 0.619515 0.012804 0.060968
2 0.356865 0.607896 0.012689 0.052829
2 0.425260 0.462963 0.008854 0.038889
2 0.448958 0.397222 0.011458 0.048148
2 0.439583 0.364352 0.007292 0.043519
2 0.495833 0.324074 0.007292 0.037037
2 0.483073 0.326852 0.006771 0.033333
2 0.470095 0.323972 0.008871 0.041718
2 0.495135 0.276659 0.009730 0.037648
2 0.523297 0.239006 0.006530 0.038655
2 0.546511 0.191489 0.006565 0.032977
2 0.555895 0.198591 0.005540 0.036070
0 0.545501 0.349410 0.016026 0.045788
2 0.675260 0.742593 0.018229 0.061111
5 0.697396 0.581944 0.014583 0.056481
0 0.594531 0.409722 0.019271 0.058333
0 0.683854 0.034722 0.015625 0.025000
2 0.597656 0.086111 0.005729 0.025926
2 0.612500 0.042130 0.004167 0.026852
