0 0.303385 0.946296 0.015104 0.075926
0 0.679934 0.339606 0.011012 0.045045
0 0.681456 0.387337 0.010829 0.043193
0 0.657292 0.107407 0.008333 0.033333
0 0.739062 0.026389 0.007292 0.023148
2 0.603385 0.107870 0.006771 0.023148
2 0.538390 0.234941 0.011933 0.037648
2 0.510734 0.297868 0.010010 0.042033
2 0.689108 0.635984 0.015556 0.072965
2 0.681012 0.739378 0.015150 0.067643
2 0.674882 0.807860 0.019970 0.080250
1 0.619108 0.174985 0.005272 0.029660
1 0.623518 0.185912 0.008230 0.032937
1 0.646188 0.171082 0.009249 0.037160
