2 0.095833 0.729167 0.016667 0.089815
2 0.112240 0.711574 0.014063 0.054630
2 0.109115 0.766204 0.016146 0.099074
2 0.125000 0.767130 0.017708 0.091667
2 0.139323 0.955556 0.026562 0.088889
2 0.150260 0.800926 0.018229 0.094444
2 0.185156 0.791667 0.020313 0.100000
2 0.148438 0.657870 0.017708 0.080556
2 0.305729 0.241667 0.008333 0.033333
2 0.313281 0.239352 0.006771 0.034259
2 0.325260 0.240278 0.008854 0.036111
2 0.322656 0.213426 0.006771 0.028704
1 0.441146 0.175926 0.006250 0.024074
