2 0.097135 0.717130 0.018229 0.089815
2 0.114062 0.705093 0.017708 0.065741
2 0.114583 0.753704 0.014583 0.094444
2 0.130208 0.756481 0.015625 0.092593
2 0.137500 0.945833 0.025000 0.108333
2 0.152604 0.773611 0.016667 0.091667
2 0.177865 0.798148 0.021354 0.101852
2 0.149479 0.648148 0.017708 0.077778
2 0.304948 0.240741 0.006771 0.031481
2 0.310417 0.239352 0.006250 0.034259
2 0.323698 0.238426 0.008854 0.034259
2 0.322656 0.213426 0.006771 0.028704
1 0.429167 0.175926 0.004167 0.020370
