2 0.133594 0.924537 0.023438 0.113889
2 0.158073 0.753241 0.018229 0.097222
2 0.162240 0.798148 0.019271 0.100000
2 0.133073 0.743056 0.015104 0.089815
2 0.118490 0.740741 0.014063 0.090741
2 0.097135 0.701852 0.015104 0.092593
2 0.117448 0.693981 0.016146 0.069444
2 0.149219 0.636111 0.016146 0.075926
2 0.304427 0.238426 0.008854 0.032407
2 0.318229 0.238426 0.008333 0.034259
2 0.322396 0.216667 0.008333 0.033333
2 0.913021 0.339815 0.010417 0.037037
1 0.416927 0.176389 0.005729 0.026852
