0 0.650670 0.285816 0.012305 0.046805
0 0.540064 0.320411 0.010302 0.045788
0 0.699605 0.220442 0.011733 0.041209
1 0.668842 0.192206 0.009158 0.034595
1 0.674136 0.184066 0.011161 0.037648
1 0.628205 0.171856 0.009158 0.036630
1 0.616901 0.175672 0.008299 0.033069
2 0.572258 0.159646 0.007727 0.037648
0 0.717920 0.058659 0.012878 0.036121
2 0.700607 0.615486 0.017743 0.084453
2 0.559381 0.167023 0.010588 0.045279
2 0.517313 0.310999 0.008871 0.052401
2 0.628491 0.922772 0.017170 0.077330
