2 0.517457 0.314306 0.009730 0.055963
0 0.611607 0.279457 0.013164 0.048331
0 0.570255 0.313289 0.011161 0.047823
2 0.692451 0.642959 0.016884 0.068173
1 0.643802 0.179487 0.010016 0.037648
1 0.656393 0.173891 0.009444 0.037648
1 0.668412 0.179996 0.010588 0.042735
4 0.691878 0.182794 0.013450 0.041209
1 0.701894 0.193478 0.010016 0.036121
0 0.670988 0.214082 0.009444 0.036630
0 0.685153 0.056370 0.008585 0.029508
2 0.562386 0.177198 0.009730 0.037139
0 0.567823 0.896062 0.017170 0.079874
