2 0.373655 0.596917 0.016312 0.066646
0 0.474531 0.547314 0.014309 0.065120
2 0.522035 0.301079 0.010302 0.047823
1 0.611893 0.183557 0.009730 0.036630
2 0.571829 0.185847 0.010875 0.035104
1 0.635359 0.189408 0.010302 0.041209
1 0.655391 0.194495 0.010302 0.034086
1 0.664120 0.195258 0.009444 0.034595
1 0.676568 0.200855 0.009730 0.032560
1 0.683150 0.189662 0.007440 0.029508
1 0.686155 0.182794 0.007727 0.032051
4 0.679001 0.177961 0.014595 0.038665
1 0.652244 0.182540 0.009730 0.038665
2 0.509730 0.284290 0.010302 0.042735
