1 0.357031 0.405556 0.013021 0.044444
1 0.659635 0.412963 0.013021 0.044444
2 0.103906 0.538889 0.016146 0.057407
2 0.348177 0.230093 0.006771 0.028704
2 0.397656 0.177778 0.005729 0.022222
2 0.325000 0.226852 0.007292 0.033333
2 0.338021 0.236111 0.006250 0.029630
2 0.285938 0.361574 0.008333 0.037963
2 0.273958 0.366667 0.008333 0.042593
2 0.253646 0.393981 0.009375 0.045370
2 0.665625 0.211574 0.006250 0.025000
2 0.676302 0.144907 0.003646 0.013889
2 0.682552 0.147222 0.004687 0.020370
2 0.687760 0.147222 0.004687 0.020370
