2 0.161719 0.584722 0.014063 0.060185
2 0.175781 0.563426 0.010937 0.050926
2 0.188802 0.552778 0.009896 0.051852
2 0.327604 0.390278 0.007292 0.039815
2 0.702865 0.420833 0.006771 0.037963
2 0.751823 0.306944 0.006771 0.032407
2 0.317448 0.276852 0.007812 0.033333
2 0.334896 0.229630 0.006250 0.029630
2 0.969792 0.751852 0.012500 0.061111
2 0.985677 0.752778 0.009896 0.068519
2 0.991667 0.758333 0.007292 0.055556
2 0.331510 0.392130 0.007812 0.036111
1 0.348438 0.400926 0.007292 0.035185
