0 0.366406 0.944444 0.023438 0.075926
2 0.668333 0.819729 0.016667 0.075926
2 0.673881 0.762032 0.016821 0.070157
2 0.682054 0.734845 0.015928 0.066534
2 0.690579 0.655831 0.014904 0.071937
2 0.515625 0.289815 0.010417 0.038889
2 0.545338 0.233700 0.009896 0.038889
2 0.604945 0.105006 0.009890 0.032967
0 0.644792 0.107407 0.006250 0.031481
0 0.680832 0.384794 0.010932 0.045228
1 0.638496 0.177513 0.010325 0.036508
1 0.647396 0.182407 0.008333 0.029630
1 0.665931 0.175941 0.009255 0.033547
1 0.671019 0.172771 0.009381 0.032764
