1 0.646094 0.177778 0.005729 0.031481
1 0.659515 0.186838 0.010067 0.040242
1 0.677982 0.176195 0.008047 0.032021
1 0.682160 0.174969 0.008848 0.033456
0 0.640625 0.109259 0.006250 0.031481
0 0.682263 0.384631 0.010359 0.041483
0 0.697868 0.352747 0.012918 0.053358
0 0.395295 0.947187 0.017674 0.081410
2 0.518035 0.286508 0.013152 0.043387
2 0.549296 0.237113 0.009008 0.040425
2 0.604688 0.103241 0.007292 0.030556
2 0.689457 0.666565 0.020582 0.073871
2 0.682887 0.746271 0.015407 0.077259
2 0.671031 0.772716 0.015081 0.074226
2 0.663588 0.842262 0.019666 0.077584
