0 0.331250 0.964352 0.013542 0.067593
3 0.336198 0.945833 0.023438 0.089815
0 0.195573 0.977315 0.021354 0.045370
3 0.142708 0.936111 0.015625 0.075926
2 0.237240 0.900463 0.017188 0.052778
2 0.671354 0.759722 0.012500 0.073148
2 0.689063 0.758796 0.013542 0.062037
5 0.538281 0.249537 0.016146 0.047222
5 0.697917 0.588426 0.009375 0.062037
5 0.707552 0.582870 0.008854 0.054630
5 0.712760 0.517593 0.009896 0.053704
2 0.708333 0.469907 0.009375 0.034259
5 0.699219 0.453241 0.010937 0.047222
