0 0.405729 0.907407 0.046875 0.087037
2 0.348438 0.615278 0.011458 0.063889
2 0.373784 0.601674 0.013764 0.058150
2 0.429498 0.467598 0.011081 0.044454
2 0.374679 0.570024 0.013691 0.053276
2 0.355483 0.590049 0.013164 0.061050
2 0.440210 0.365868 0.010262 0.051536
2 0.469531 0.346317 0.009426 0.044851
2 0.498515 0.309300 0.009839 0.042572
2 0.533757 0.232809 0.009753 0.040893
2 0.558073 0.192130 0.005729 0.028704
2 0.550000 0.180093 0.005208 0.032407
5 0.561464 0.141097 0.010428 0.034046
0 0.594792 0.348611 0.022917 0.047222
5 0.698048 0.610023 0.014847 0.060785
2 0.598958 0.089352 0.005208 0.028704
