5 0.079167 0.918981 0.030208 0.123148
5 0.194531 0.944907 0.030729 0.106481
5 0.184896 0.500926 0.021875 0.070370
5 0.263021 0.324074 0.011458 0.048148
5 0.303385 0.296296 0.010937 0.038889
5 0.325521 0.256481 0.012500 0.040741
5 0.274067 0.278439 0.010016 0.044261
5 0.291237 0.293956 0.012878 0.037648
5 0.284655 0.283272 0.013450 0.038665
5 0.344322 0.244607 0.013736 0.038665
4 0.459220 0.186610 0.008871 0.031543
4 0.442766 0.185083 0.010875 0.029508
4 0.421016 0.185592 0.011447 0.036630
4 0.432034 0.183812 0.009444 0.033069
