2 0.092188 0.756481 0.017708 0.094444
2 0.108854 0.740278 0.019792 0.058333
2 0.106510 0.794444 0.018229 0.092593
2 0.124740 0.793056 0.020313 0.095370
2 0.126042 0.983333 0.028125 0.033333
2 0.147396 0.844444 0.018750 0.103704
2 0.187500 0.793519 0.017708 0.101852
2 0.144531 0.690278 0.018229 0.084259
2 0.305729 0.241667 0.008333 0.033333
2 0.317969 0.243056 0.006771 0.030556
2 0.330990 0.241204 0.008854 0.036111
2 0.322917 0.213426 0.007292 0.028704
2 0.084375 0.958333 0.025000 0.083333
2 0.339583 0.240278 0.008333 0.032407
2 0.874479 0.305556 0.009375 0.040741
