2 0.141667 0.954167 0.023958 0.091667
2 0.067187 0.988889 0.016667 0.022222
2 0.183854 0.793519 0.018750 0.101852
2 0.151562 0.790741 0.019792 0.096296
2 0.126302 0.762963 0.018229 0.094444
2 0.109115 0.765278 0.020313 0.091667
2 0.096875 0.725926 0.018750 0.090741
2 0.111719 0.715278 0.016146 0.065741
2 0.148438 0.655556 0.015625 0.077778
1 0.438281 0.175463 0.008854 0.023148
2 0.306510 0.241667 0.007812 0.031481
2 0.312500 0.240278 0.006250 0.034259
2 0.325000 0.239815 0.006250 0.035185
