2 0.093229 0.742593 0.016667 0.094444
2 0.111719 0.726852 0.016146 0.061111
2 0.109896 0.781019 0.016667 0.095370
2 0.126302 0.783333 0.018229 0.094444
2 0.136979 0.969444 0.029167 0.061111
2 0.148177 0.822222 0.018229 0.094444
2 0.187500 0.793519 0.017708 0.101852
2 0.147135 0.675926 0.018229 0.083333
2 0.305729 0.241667 0.008333 0.033333
2 0.315365 0.241204 0.006771 0.030556
2 0.326562 0.239815 0.006250 0.035185
2 0.322917 0.213426 0.007292 0.028704
1 0.453646 0.173611 0.006250 0.025000
2 0.079427 0.971759 0.026562 0.056481
2 0.333333 0.240278 0.007292 0.034259
2 0.886719 0.307407 0.008854 0.029630
