5 0.147396 0.973611 0.039583 0.052778
5 0.108594 0.972685 0.028646 0.054630
5 0.085417 0.968519 0.017708 0.062963
5 0.188542 0.540278 0.017708 0.071296
5 0.202344 0.529630 0.019271 0.070370
5 0.221615 0.531481 0.014063 0.068519
5 0.331731 0.262668 0.010875 0.039174
5 0.318710 0.260124 0.012878 0.038156
2 0.296245 0.252239 0.009158 0.034595
4 0.436327 0.185847 0.012878 0.025946
4 0.430031 0.184066 0.009444 0.033578
5 0.333591 0.189662 0.007727 0.030525
5 0.327867 0.193732 0.009444 0.030525
