5 0.145313 0.964352 0.037500 0.071296
5 0.105469 0.961574 0.030729 0.076852
5 0.079167 0.961111 0.018750 0.077778
5 0.057292 0.958796 0.019792 0.082407
5 0.191927 0.539815 0.018229 0.072222
5 0.204427 0.524074 0.017188 0.070370
5 0.220833 0.520833 0.012500 0.067593
5 0.330586 0.261396 0.012592 0.039683
5 0.318424 0.257326 0.012878 0.036630
2 0.295244 0.247405 0.008299 0.034086
2 0.333448 0.188899 0.007440 0.033069
1 0.447201 0.185592 0.006582 0.025438
4 0.424164 0.186864 0.009158 0.025946
5 0.327009 0.192206 0.007154 0.027473
